
 orig_matrix cols = 6
 orig_matrix elem = 5.750000


 copy_matrix cols = 6
 orig_matrix cols = 6
 copy_matrix elem = 5.750000
 orig_matrix elem = 5.750000


 copy_matrix_operatr cols = 6
 orig_matrix cols = 6
 copy_matrix_operatr elem = 5.750000
 orig_matrix elem = 5.750000


 move_matrix cols = 6
 orig_matrix cols = 0
 move_matrix elem = 5.750000
 orig_matrix elem = 0.000000

 DESTRUCTOR


 move_matrix_operatr cols = 3
 move_matrix_operatr elem = 9.577000
 matrix:
9.577000 9.577000 9.577000 
9.577000 9.577000 9.577000 



 move_matrix_operatr rows = 2
 DESTRUCTOR

SET ROWS
 move_matrix_operatr rows = 4
 matrix:
9.577000 9.577000 9.577000 
9.577000 9.577000 9.577000 
0.000000 0.000000 0.000000 
0.000000 0.000000 0.000000 



 move_matrix_operatr cols = 3
 DESTRUCTOR

SET COLS
 move_matrix_operatr cols = 8
 matrix:
9.577000 9.577000 9.577000 0.000000 0.000000 0.000000 0.000000 0.000000 
9.577000 9.577000 9.577000 0.000000 0.000000 0.000000 0.000000 0.000000 
0.000000 0.000000 0.000000 0.000000 0.000000 0.000000 0.000000 0.000000 
0.000000 0.000000 0.000000 0.000000 0.000000 0.000000 0.000000 0.000000 

 SUM 

 error: different size of matrices

 matrix:
0.000000 0.000000 0.000000 0.000000 0.000000 0.000000 
0.000000 0.000000 11.500000 0.000000 0.000000 0.000000 
0.000000 0.000000 0.000000 0.000000 0.000000 0.000000 
0.000000 0.000000 0.000000 0.000000 0.000000 0.000000 
0.000000 0.000000 0.000000 0.000000 0.000000 0.000000 

 SUB 

 matrix:
0.000000 0.000000 0.000000 0.000000 0.000000 0.000000 
0.000000 0.000000 5.750000 0.000000 0.000000 0.000000 
0.000000 0.000000 0.000000 0.000000 0.000000 0.000000 
0.000000 0.000000 0.000000 0.000000 0.000000 0.000000 
0.000000 0.000000 0.000000 0.000000 0.000000 0.000000 

 MULT matrix

 DESTRUCTOR

 matrix:
379.773189 386.143559 
910.662078 926.032448 

 MULT num

 matrix:
1.262155 2.385612 3.509068 4.632525 
5.755982 6.879438 8.002895 9.126352 
10.249809 11.373265 12.496722 13.620179 
14.743635 15.867092 16.990549 18.114005 

 Equal matrix 

 matrices are equal 

 Transpose matrix 

 matrix e:

 matrix:
1.123457 2.123457 3.123457 
4.123457 5.123457 6.123457 

 matrix f (transpose):

 matrix:
1.123457 4.123457 
2.123457 5.123457 
3.123457 6.123457 

 Transpose matrix 

 DESTRUCTOR

 DESTRUCTOR

 matrix f (transpose):

 matrix:
0.000000 0.000000 0.000000 
0.000000 0.000000 0.000000 

 DESTRUCTOR

 DESTRUCTOR

 DESTRUCTOR

 matrix:
1.123457 4.123457 0.000000 
2.123457 5.123457 0.000000 
3.123457 6.123457 0.000000 

 DESTRUCTOR

 DESTRUCTOR

 DESTRUCTOR

 DESTRUCTOR

 DESTRUCTOR

 DESTRUCTOR

 DESTRUCTOR

 determinant = 0.000000
 matrix c:

 matrix:
1.262155 2.385612 3.509068 4.632525 
5.755982 6.879438 8.002895 9.126352 
10.249809 11.373265 12.496722 13.620179 
14.743635 15.867092 16.990549 18.114005 

 DESTRUCTOR

 DESTRUCTOR

 DESTRUCTOR

 DESTRUCTOR

 DESTRUCTOR

 DESTRUCTOR

 DESTRUCTOR

 DESTRUCTOR

 DESTRUCTOR

 DESTRUCTOR

 DESTRUCTOR

 DESTRUCTOR

 DESTRUCTOR

 DESTRUCTOR

 DESTRUCTOR

 DESTRUCTOR

 DESTRUCTOR

 DESTRUCTOR

 DESTRUCTOR

 DESTRUCTOR

 DESTRUCTOR

 DESTRUCTOR

 DESTRUCTOR

 DESTRUCTOR

 DESTRUCTOR

 DESTRUCTOR

 DESTRUCTOR

 DESTRUCTOR

 DESTRUCTOR

 DESTRUCTOR

 DESTRUCTOR

 DESTRUCTOR

 DESTRUCTOR

 determinant = 0.000000
 matrix:
1.000000 2.000000 -4.000000 
2.000000 3.000000 1.000000 
3.000000 -1.000000 2.000000 

 DESTRUCTOR

 DESTRUCTOR

 DESTRUCTOR

 DESTRUCTOR

 DESTRUCTOR

 DESTRUCTOR

 DESTRUCTOR

 determinant = 49.000000
 cal complements

 matrix:
1.000000 2.000000 3.000000 
0.000000 4.000000 2.000000 
5.000000 2.000000 1.000000 

 DESTRUCTOR

 DESTRUCTOR

 DESTRUCTOR

 DESTRUCTOR

 DESTRUCTOR

 DESTRUCTOR

 DESTRUCTOR

 DESTRUCTOR

 DESTRUCTOR

 DESTRUCTOR

 DESTRUCTOR

 DESTRUCTOR

 DESTRUCTOR

 DESTRUCTOR

 DESTRUCTOR

 DESTRUCTOR

 DESTRUCTOR

 DESTRUCTOR

 DESTRUCTOR

 matrix:
0.000000 10.000000 -20.000000 
4.000000 -14.000000 8.000000 
-8.000000 -2.000000 4.000000 

 inverse matrix 

 matrix:
2.000000 5.000000 7.000000 
6.000000 3.000000 4.000000 
5.000000 -2.000000 -3.000000 

 DESTRUCTOR

 DESTRUCTOR

 DESTRUCTOR

 DESTRUCTOR

 DESTRUCTOR

 DESTRUCTOR

 DESTRUCTOR

 DESTRUCTOR

 DESTRUCTOR

 DESTRUCTOR

 DESTRUCTOR

 DESTRUCTOR

 DESTRUCTOR

 DESTRUCTOR

 DESTRUCTOR

 DESTRUCTOR

 DESTRUCTOR

 DESTRUCTOR

 DESTRUCTOR

 DESTRUCTOR

 DESTRUCTOR

 DESTRUCTOR

 DESTRUCTOR

 DESTRUCTOR

 DESTRUCTOR

 DESTRUCTOR

 DESTRUCTOR

 DESTRUCTOR

 DESTRUCTOR

 matrix:
1.000000 -1.000000 1.000000 
-38.000000 41.000000 -34.000000 
27.000000 -29.000000 24.000000 

 + operator 

 matrix:
1.000000 2.000000 3.000000 
0.000000 4.000000 2.000000 
5.000000 2.000000 1.000000 

 matrix:
2.000000 5.000000 7.000000 
6.000000 3.000000 4.000000 
5.000000 -2.000000 -3.000000 

 sum_oper_matrix: 

 matrix:
3.000000 7.000000 10.000000 
6.000000 7.000000 6.000000 
10.000000 0.000000 -2.000000 

 matrix k 

 matrix:
1.000000 2.000000 3.000000 
0.000000 4.000000 2.000000 
5.000000 2.000000 1.000000 

 matrix l 

 matrix:
2.000000 5.000000 7.000000 
6.000000 3.000000 4.000000 
5.000000 -2.000000 -3.000000 

 - operator 

 matrix:
1.000000 2.000000 3.000000 
0.000000 4.000000 2.000000 
5.000000 2.000000 1.000000 

 matrix:
2.000000 5.000000 7.000000 
6.000000 3.000000 4.000000 
5.000000 -2.000000 -3.000000 

 sub_oper_matrix: 

 matrix:
-1.000000 -3.000000 -4.000000 
-6.000000 1.000000 -2.000000 
0.000000 4.000000 4.000000 

 matrix k 

 matrix:
1.000000 2.000000 3.000000 
0.000000 4.000000 2.000000 
5.000000 2.000000 1.000000 

 matrix l 

 matrix:
2.000000 5.000000 7.000000 
6.000000 3.000000 4.000000 
5.000000 -2.000000 -3.000000 

 * matrices operator 

 matrix:
1.000000 2.000000 3.000000 
0.000000 4.000000 2.000000 
5.000000 2.000000 1.000000 

 matrix:
2.000000 5.000000 7.000000 
6.000000 3.000000 4.000000 
5.000000 -2.000000 -3.000000 

 DESTRUCTOR

 mult_oper_matrix: 

 matrix:
29.000000 5.000000 6.000000 
34.000000 8.000000 10.000000 
27.000000 29.000000 40.000000 

 matrix k 

 matrix:
1.000000 2.000000 3.000000 
0.000000 4.000000 2.000000 
5.000000 2.000000 1.000000 

 matrix l 

 matrix:
2.000000 5.000000 7.000000 
6.000000 3.000000 4.000000 
5.000000 -2.000000 -3.000000 

 * num operator 

 matrix:
2.000000 5.000000 7.000000 
6.000000 3.000000 4.000000 
5.000000 -2.000000 -3.000000 

 mult_num_oper_matrix: 

 matrix:
3.000000 7.500000 10.500000 
9.000000 4.500000 6.000000 
7.500000 -3.000000 -4.500000 

 matrix l 

 matrix:
2.000000 5.000000 7.000000 
6.000000 3.000000 4.000000 
5.000000 -2.000000 -3.000000 

 Equal matrix operator 

 matrices are equal 

 +=  operator 

 matrix:
1.000000 2.000000 3.000000 
0.000000 4.000000 2.000000 
5.000000 2.000000 1.000000 

 matrix:
2.000000 5.000000 7.000000 
6.000000 3.000000 4.000000 
5.000000 -2.000000 -3.000000 

 += operator: 

 matrix k (res) 

 matrix:
3.000000 7.000000 10.000000 
6.000000 7.000000 6.000000 
10.000000 0.000000 -2.000000 

 -=  operator 

 matrix:
3.000000 7.000000 10.000000 
6.000000 7.000000 6.000000 
10.000000 0.000000 -2.000000 

 matrix:
2.000000 5.000000 7.000000 
6.000000 3.000000 4.000000 
5.000000 -2.000000 -3.000000 

 matrix k (res): 
 matrix:
1.000000 2.000000 3.000000 
0.000000 4.000000 2.000000 
5.000000 2.000000 1.000000 

 *= matrices operator 

 matrix:
1.000000 2.000000 3.000000 
0.000000 4.000000 2.000000 
5.000000 2.000000 1.000000 

 matrix:
2.000000 5.000000 7.000000 
6.000000 3.000000 4.000000 
5.000000 -2.000000 -3.000000 

 DESTRUCTOR

 matrix k (res): 
 matrix:
29.000000 5.000000 6.000000 
34.000000 8.000000 10.000000 
27.000000 29.000000 40.000000 

 *= num operator 

 matrix:
29.000000 5.000000 6.000000 
34.000000 8.000000 10.000000 
27.000000 29.000000 40.000000 

 matrix k (res): 
 matrix:
43.500000 7.500000 9.000000 
51.000000 12.000000 15.000000 
40.500000 43.500000 60.000000 

 () index 

 matrix:
43.500000 7.500000 9.000000 
51.000000 12.000000 15.000000 
40.500000 43.500000 60.000000 

 matrix k[0][0]: 43.500000
 matrix k[1][1]: 12.000000
 matrix k[2][2]: 60.000000
 DESTRUCTOR

 DESTRUCTOR

 DESTRUCTOR

 DESTRUCTOR

 DESTRUCTOR

 DESTRUCTOR

 DESTRUCTOR

 DESTRUCTOR

 DESTRUCTOR

 DESTRUCTOR

 DESTRUCTOR

 DESTRUCTOR

 DESTRUCTOR

 DESTRUCTOR

 DESTRUCTOR

 DESTRUCTOR

 DESTRUCTOR

 DESTRUCTOR

 DESTRUCTOR

 DESTRUCTOR

 DESTRUCTOR

 DESTRUCTOR
